X1	X2	X3	X4	X5	X6	Y
-0.416315485730622	5.70436898800921	-0.520502063185115	5.62474355370431	-0.567509386539116	5.65710253503378	OUT
-0.0524725624709287	9.46737155870093	-0.308277940826858	9.51865873535276	-0.0282327763730605	9.27111838524491	OUT
-0.55212279165404	7.32910036558024	-0.56336823795406	7.3731054561273	-0.851291068146348	7.17518271912159	OUT
0.290578119492347	7.80428369066771	0.248642062857907	7.46199557415722	-0.038653658701505	7.55705911557068	INS
0.11623643470938	7.47228173691699	0.154656746413259	7.23113068870232	0.154815933756794	7.46223879559025	INS
0.536843259946179	5.33892744242908	0.735309717744374	4.98434471233029	0.278889343272416	5.26119464199438	INS
1.34495507342445	9.48823271186846	1.46020391218019	9.47373438343392	1.2649852815059	9.42584368967425	OUT
0.0268488388244031	6.44282654440631	0.288005593136034	6.09860357493265	0.181929447907445	6.48709948432545	OUT
0.109978067087692	6.34523407376758	-0.0358830992854089	6.48561031965273	0.294408063779768	6.28576907675565	OUT
1.20490822513426	7.97097087715181	1.03199328761861	7.76987727820112	1.5138153943978	7.63153193194273	OUT
0.115004452607408	7.37939512028154	0.0960202543260931	7.15810975592343	-0.0869080000855071	7.25965326222207	INS
-0.309947153594818	6.84155519036701	-0.0333043704811973	7.19966717105539	-0.138605877905535	6.73688582803437	OUT
0.466377806240466	8.2780554524825	0.727114080946355	8.71053228367775	0.531435114308246	7.9348896835782	INS
1.19897860147255	9.69100202902131	1.17381616536134	9.52714652548486	1.44946635297675	9.86813760025078	OUT
0.207058597553489	8.10212592891997	0.087683840562284	8.09471601097372	0.251090314372259	7.66879685450507	INS
0.860950946340416	6.41420045807163	0.556821681217844	6.80680125655006	1.02399028301265	6.49862583417486	INS
0.718598773360152	6.02590625966493	0.852967093492852	5.91785298548962	0.946483212980208	5.9669444402992	INS
0.345815124139043	7.19567040796893	0.350383982150267	7.53917116651826	0.263472932960252	7.12282014258713	INS
0.394597678407657	5.13625109830408	0.159039961156866	5.30021275460669	0.302384658835411	5.26578230049868	INS
1.39438334235742	9.38092167980173	1.32746770953747	9.39202584655018	1.12857361934947	9.32021523811017	OUT
-0.424655120242405	8.05046123137227	-0.790546161963985	7.97983616432929	-0.442155156638751	8.00509364475364	OUT
-0.0123592679995537	6.01796190143709	0.073638651390887	6.35659175884634	0.0587299290546846	5.84364573458664	INS
0.338715349602879	7.59958412395201	0.303916657140146	7.74179420494806	0.19008760404799	7.82473602409723	INS
0.633899654390158	5.2691215107506	0.960148138248053	5.14256872341784	0.648305791250998	5.46744526851623	INS
1.2430316906705	9.31093715558439	0.971146086384393	9.38948243305635	1.17175101854672	9.44822460642879	OUT
0.38511109248094	7.21467333026935	0.579212428874788	7.03908101704383	0.298772735738689	7.3209241886845	INS
0.318578798973613	7.74004578667829	0.347306761071072	7.76983487252022	0.474444435049997	7.88533319516701	INS
0.966988373947175	7.83430415894621	0.98350909217883	8.14067977803817	1.13025328926883	7.97315493180752	OUT
0.382611978196267	8.40197495607153	0.525944781107858	8.50834450831149	0.612272783416056	8.48079508019502	INS
1.20773743722154	6.85689289046546	1.44643420962258	6.7049594673032	0.99074544962168	6.98321771765885	INS
0.379675226001123	5.39114354592843	0.165462842251908	5.46074037406938	0.352450771350929	5.24932286796985	INS
0.446019422957689	7.28175361825014	0.709799864820198	7.14219307824513	0.577037768496184	7.28762295033436	INS
0.423604374272435	5.2392190008015	0.181603746033508	5.64308195547071	0.164912164234241	5.34929438238066	INS
-0.118115573029165	8.69128496013395	-0.33293855338383	8.3325450533208	0.267232424482333	8.54618843405261	OUT
-0.42034031194098	5.1900076769798	-0.554852328309568	5.05810616649776	-0.373689962367026	5.19016055140218	OUT
-0.458495041421296	9.77122162179707	-0.311202605106205	9.92551228938861	-0.567499511351759	9.73371935914456	OUT
1.26562096308961	8.71186167231808	1.05162882452956	8.54779345309057	1.47218346248406	8.96014651962485	OUT
-0.110347860093714	9.68724783520365	-0.0434048361884868	9.69082547156777	-0.0349205491311787	9.78174549345428	OUT
1.20935109596717	7.56681993078827	1.2917276150182	7.69772697548784	1.23120216273494	7.78571441279635	OUT
0.89464369531663	6.20452399538864	0.925467732823508	6.45606374867823	0.758606036266962	6.32905801348695	INS
1.23290728538999	6.29982639358434	1.34382142492406	6.11441039547535	0.879828810138426	6.50167315554712	INS
1.36980421453122	8.79487080671037	1.13523507683999	8.76089527347012	1.17709066983446	8.77597135990279	OUT
-0.306652515050249	9.96671381920754	-0.105135177857809	9.87237932168691	-0.435779042441374	9.98974438091668	OUT
0.227190304187107	6.78352874962283	0.249894360209149	6.76068205177667	0.31769585981817	6.65789735156029	INS
1.45918194240161	8.76428920551505	1.60519211589047	8.83818658396891	1.58208158677648	8.84180369846916	OUT
0.75406745456929	5.55024248556333	0.557365098465522	5.42651942985538	0.597007323610989	6.16509705714553	INS
1.28246053685326	7.98522614807202	1.29286684819687	8.14524917285842	1.448095775457	8.00474342038604	OUT
0.412683851417277	7.15297600160302	0.588203725936222	7.23831521206989	0.546167253151639	7.14385707377864	INS
-0.570404542103051	8.65359008660795	-0.367576333914625	8.55912393556804	-0.595504718740048	8.82524122192907	OUT
0.70804872331307	6.30588085285627	0.691179041155711	6.36107120894509	0.51780294909147	5.99315710309173	INS
-0.114699737466617	5.47403840791782	-0.485406052735859	5.67088382774707	0.063708261854889	5.69968407881362	OUT
0.507611321830931	7.25481744645586	0.288247179859066	7.45343893383793	0.481667005792033	7.08530310525458	INS
0.922483118850202	8.20037255133871	0.966208644355235	8.33401437584441	0.719786092569269	8.31387398382267	OUT
0.675573161404364	5.66019408684408	0.834422331548429	5.64719440198908	0.726030564661862	5.71551347105696	INS
0.635569536170026	7.26411214912026	0.728194375156325	7.14009242230048	0.740286601469303	7.25070710072495	INS
0.310213164069422	8.26099799474072	0.187687159225341	8.30581884816533	0.0178872371487756	8.11754234837284	INS
-0.0872369236352473	9.13499165779032	0.361643038492619	9.04176441879358	0.286044195686854	9.21845400178656	OUT
0.300816742933816	6.54038454210106	0.315286264605688	6.47396716602361	-0.128993663178818	6.76529652377568	INS
-0.578627343404268	7.01181789502527	-0.405524464143717	7.19678085636939	-0.905674675191892	7.14834654315354	OUT
0.678525042993156	9.42115658023224	0.595385749674017	9.71056168433117	0.923328868396611	9.70037491100435	OUT
1.41174789521445	8.50289755027571	1.1887602740292	8.62206397177344	1.4767826975094	8.22517972024397	OUT
-0.399562300545839	6.20936147573794	-0.262511814959253	6.62001558699023	-0.48534490939071	6.21321397188348	OUT
-0.52525981690169	8.79915907859794	-0.317725173845794	8.49330901026352	-0.522940599150851	8.52908838250957	OUT
1.26109373378408	6.45462868596715	1.62553603947029	6.45916620100747	1.40735742846502	6.47755578617571	INS
-0.0814231333792573	6.38719359477746	-0.187220831994608	6.40625055679945	-0.255027685932727	6.49551994562412	OUT
-0.581278381867992	5.03053901513299	-0.90687172846711	5.35344428215956	-0.395646465895895	4.87700584248485	OUT
1.11133257004088	6.87355570572779	1.43479305638244	6.97381034011732	1.25079592271748	7.13012072192228	INS
-0.30495118324759	7.18466390365994	-0.25212383486454	7.1198958614418	-0.313981251938588	7.08969262802727	OUT
1.24771952459641	6.52149234420839	1.02229028746457	6.63233566622764	1.28596175276418	6.64617855348703	INS
-0.399708749209898	6.4543016530452	-0.511543921016942	6.58279034410522	-0.525461340878113	6.38476217943264	OUT
0.140376212622143	6.212581544425	-0.0213928186853293	6.24910656732028	-0.0309464287084286	6.06091672062067	INS
0.646183192353732	9.68341805011167	0.878384049473043	9.27792277508473	0.56844064442018	9.53598502575981	OUT
0.628881440805044	9.30095120413518	0.747302494634352	9.50556739253622	0.834583130857841	9.0107440517611	OUT
0.802131704787457	6.98614130218918	0.850681237684363	6.28783293871796	0.754187640512879	7.29029204984514	INS
0.76085694161698	7.39709552179308	0.808952438552854	7.41899344882674	0.670532388265732	6.90764807551157	INS
0.310075041411043	7.8249804654743	0.145774961641639	7.51471417039609	0.114221597205113	7.56697118404717	INS
-0.306506605891559	7.44809694773273	-0.10788418064892	7.37707476516544	-0.533196063107094	7.05118218970794	OUT
0.979051966747676	6.34905816336908	1.0483309116513	6.62876965951214	0.983476145280529	6.08046880054615	INS
-0.0922477334668411	9.94870071031108	-0.144474438940152	9.84600571894521	0.115800165371299	9.39033297485983	OUT
0.765964577203931	5.91837848133062	0.729021996186335	6.30181440995529	1.01226139485073	6.03881574939262	INS
1.20048552775238	9.30828362462011	1.18013852783663	9.46396573732841	1.31252141202655	9.3163721655349	OUT
-0.422822010805187	5.16316286053228	-0.600230639570795	5.11387183850352	-0.48462974477572	4.95697932581598	OUT
1.44138723959697	6.65979009793326	1.58966265905804	6.47908376715511	1.36786642277958	6.39959498117775	INS
-0.533934135325857	8.74373497891479	-0.255492561148271	8.6445545272829	-0.460807462382439	8.48013917220328	OUT
1.1543495559342	8.22183229090822	1.64912961380946	8.29673124813848	1.34183729590518	8.16614120298095	OUT
1.15499803115881	5.84618981325832	1.25578187969698	5.3720833934221	1.34984677151995	5.44177121505684	INS
-0.495299247174255	9.76102550361217	-0.659795357940369	9.88403790514716	-0.919084043971459	9.84237147215309	OUT
0.546361038670743	7.71635117696125	0.586557412800011	7.77224417332649	0.537068090175988	7.69838596668584	INS
1.38065666327651	6.2570673807791	1.17924615777469	6.42084039843075	1.18730048230549	6.18861489665548	INS
0.0750934467269769	7.89286154926805	-0.0475408653198377	8.30236285767827	-0.0191563580556347	8.0233067031936	INS
1.093580287966	9.57738299516686	0.961787609796097	9.51263412493277	1.4406257756534	9.64653197090675	OUT
0.662937386030899	9.47798263072198	0.496291520528508	9.28187417213501	0.507431359300092	9.40904549267924	OUT
1.05820297675838	7.4125330869002	1.13383883613581	7.6484599209962	0.721443494716348	7.41869027614591	INS
1.07828857359306	7.21369988881868	0.855220054391428	7.39261643945612	1.11369399413388	7.18703031774136	INS
-0.495913992285757	6.55877476124154	-0.362465721936434	6.53018863663053	-0.520809500077826	6.43356729167127	OUT
-0.00528286893401431	5.27656885990834	0.153783691799206	5.15787475404345	-0.0883938401360832	5.498856806567	OUT
0.772259330357925	8.76895886704356	0.979757701227455	8.81874230670908	0.948150983064932	9.00939211888292	OUT
0.428276225189789	5.65973739880459	0.424189986669254	5.43378092996234	0.541501846247589	5.67421377016701	INS
1.44298969772269	6.77961059541692	1.56678031489653	6.79282951832041	1.5181730960486	6.57426108113679	INS
0.971828810951872	6.97935482007351	1.33244151309517	6.85176990120438	0.916438045431112	6.74476072253201	INS
0.592466414451495	9.42760613744817	0.603065076710008	9.26374460813393	0.662486119670018	9.47780698087617	OUT
0.0278247432601139	5.10619774310975	-0.0077532741067224	5.2997884474435	-0.0304366882332853	5.05327330127033	INS
-0.0621694597701399	9.22040359603873	0.292327052620942	9.22647339800885	-0.0249538473482538	9.05776544125083	OUT
1.26178396826425	6.44035321911117	0.760023245648071	6.71057252387552	1.37710385833807	6.46675657570347	INS
0.338281811843881	6.25171441268236	0.246963974772034	6.03443956013984	0.406213265207995	6.01478407369277	INS
1.11357323192204	7.44189817512483	1.59964873930951	7.48995118293906	0.97900781195815	7.50998228598939	INS
-0.393491666336261	8.64518057672507	-0.487782483516004	8.43594432096606	-0.500894403373616	8.32676189310673	OUT
1.20514625229807	6.01308048081898	1.09308055406841	6.13682400975618	0.997114701609032	5.52232781368343	INS
-0.541979082861532	6.08138102718255	-0.78727255761426	6.34238786876057	-0.342522217914144	6.03975691158165	OUT
1.28822851193837	9.8816725738971	1.44681858465801	10.0863707901708	1.28301772221922	9.68528659704776	OUT
1.28986455110497	7.96617896218276	0.867876464736115	7.54310247205931	1.15846471189521	8.27240278568027	OUT
0.500622620196462	6.52201789046734	0.340743594995272	6.65836366393127	0.63617174346191	6.79655183066082	INS
-0.347581023441017	9.83851441597665	-0.234186004861171	9.84025627106154	-0.44974785014329	9.71609083460427	OUT
-0.226632407173214	9.47984915325825	-0.226920986945726	9.54670381892372	-0.137431481447259	9.28650174874899	OUT
0.88282594846809	5.9501273839614	1.00761088171904	5.84064483132382	1.186152870397	5.90684830408123	INS
1.1458554884128	5.00899661939578	1.17114365461974	4.678799750796	1.33340674385548	4.94578012704937	INS
-0.526848976807769	8.55881881657634	-0.390675417970261	8.73737747227234	-0.558881512863552	8.83588230217012	OUT
0.991461291810458	9.33863394454937	0.733978109038311	9.23722283456278	0.968693667764385	9.26897487960229	OUT
1.40993557380244	5.59153954918998	1.45355254430739	5.5255813193052	1.79736080689194	5.83264174534552	INS
0.12002808149338	5.19511488363821	-0.19328533324578	5.22878564328801	0.0858683202924884	5.44256358017822	INS
0.740311789791882	7.99097262714889	0.896968175959257	8.49832063317666	0.800545496859342	8.49491733492371	INS
0.120312205137683	8.02156752815664	0.0581982233933687	8.48029286043773	0.185509942278624	7.94567750106385	INS
-0.145410068016664	7.58216205224444	-0.0143451857020928	7.3184298687526	0.0395572650428572	7.48710834407244	OUT
1.05102131676414	5.03753702046642	0.943527844829994	4.94271007365838	1.09407956275362	5.37268208993199	INS
0.91848891504549	8.44466681794059	0.984217595696132	8.642143216544	0.991738776285317	8.29699301753146	OUT
-0.0144382999463399	9.73010187697379	0.196376094339455	9.31549659050593	0.0499918813233184	9.36700128298957	INS
0.623106000279408	9.36768228232109	0.227166136448572	9.61648750631777	1.16090670018338	9.38502794573735	OUT
0.284112140873388	5.56638226261991	-0.0893654960440495	5.50333434642995	0.459325914117971	5.66643376371218	INS
-0.406655715815828	6.7728467059626	-0.773126850020898	7.05270550574946	-0.581953718509522	6.70025053991207	OUT
-0.549542617485828	6.2096841531335	-0.379824194457801	6.03370787404668	-0.793032016286816	6.13954574349179	OUT
0.431406188423867	7.80166654920309	0.512443640436204	7.61717205813267	0.108438247016304	7.52908456337391	INS
-0.0156392576810539	8.06363553774942	-0.156130464993055	8.52651611745569	0.352376840659448	8.40819632385729	INS
0.113490044717236	6.50404545330362	0.413299248974165	6.62164809412237	-0.0502951065974222	6.54431988356864	INS
0.00343417998165946	8.99070857097578	0.0309931531277323	8.92875504402225	0.201861294941165	8.88117121253951	OUT
-0.241103205976095	8.97820813363352	-0.558467485956786	8.77161530416355	-0.134339648377782	9.05857060641863	OUT
0.238452959991002	8.90546132955193	0.0346238570234736	9.12613147632998	-0.0668924632736634	9.07234033131111	INS
0.865064093761586	6.755492162073	0.588017345556401	6.82391394822731	1.26963593077576	6.54583281969745	INS
-0.172279482029069	5.27148676949989	0.0186978040323609	4.81868812500402	-0.0618202919408447	5.31653941151753	OUT
0.799285625827971	8.54352308489612	0.679061561953779	8.36286592155916	1.16331410735334	8.44704913898314	OUT
0.330438787757373	9.96464220651998	0.0960606269283182	10.5586479965649	0.398967685037499	10.2947852764245	OUT
0.309920057708962	5.81238242594943	0.194497996289615	5.8100291667597	0.345832354948038	5.84416757610922	INS
-0.23199717097135	5.56783169336023	-0.399283275861963	5.16792387959962	-0.435860822635492	5.34289461720673	OUT
-0.19427514530318	9.56437712943272	-0.0236812392857456	9.3867740671628	-0.186755252280125	9.54216443408235	OUT
0.694484796458198	7.40828490186278	0.789951032193514	7.32430442236997	0.72190945682481	7.49809509761431	INS
-0.0350777234658877	9.25902976004177	0.0253862915234915	9.39794543129845	-0.339288175854433	9.67914643517308	INS
0.575323656393406	9.04956901552103	0.658478894516985	9.01701847651384	0.571539965749721	9.05748250913718	OUT
1.38404638268404	5.9337977213492	1.39264134854498	5.95411304968175	1.41669571823962	6.04811223756943	INS
0.90039043507279	6.23599928372832	0.710619789061355	6.23242759144013	0.756160299353878	6.47614451402736	INS
0.826361276327415	5.27094420683635	0.934682949578506	5.07887878846702	0.908481948133501	5.3726986012103	INS
1.41469922074488	8.04480728226939	1.2504735690011	8.27936841132048	1.17217300211794	7.87085494012177	OUT
1.02820205511387	8.88616214617255	0.813821045424053	8.81310760951506	0.913453116791548	8.85394923531636	OUT
0.676226629276421	7.55532044556361	0.461408302000769	7.46263831665504	0.697305067725922	7.42375545631093	INS
1.39080495460004	5.13875044224136	1.56471551606269	5.17774835663684	1.26978574388872	5.2801008093261	INS
-0.474752590470732	9.95192640783438	-0.278542307565679	9.93853710730401	-0.390393665928776	10.2599898400471	OUT
-0.0357040749901336	7.50469961876803	-0.387469148817936	7.40039359143437	-0.108265863567564	7.50031128948076	OUT
1.47202809235859	6.65998743480578	1.44240890084519	6.68540738701424	1.29720505723989	6.87093978348176	OUT
1.02163413739746	5.86941569972253	1.07202248663253	6.29201939450958	1.20795291574208	5.73006413527563	INS
0.398244029911369	8.1281819742442	0.276167104732802	8.23643819347104	0.518252442151056	8.16004225224345	INS
0.829889066663301	7.87567416403163	0.982085028706978	7.74465710934868	0.944161204275917	7.84038013699314	INS
0.275562985355986	8.75492692262722	0.326448885806064	8.58102117719879	0.412585023719362	9.08097876470966	INS
0.198313326075681	5.76759399888293	0.167746590688204	5.71981442054765	0.400197434099819	5.82638678348833	INS
-0.152132182942062	6.78393598301179	-0.263614357983898	6.46873851889117	0.0460419604321945	6.93747861623688	OUT
0.204169777181701	5.71975400123073	0.33957330855119	6.08490424683584	0.210907883852725	5.65151667990526	INS
-0.537697721828782	9.25303827622624	-0.36783823374437	9.29389177198933	-0.627751727982131	9.12635774818212	OUT
0.391874236676554	6.6893487015417	0.485735673194544	6.45666954305863	0.369742981168075	6.76828929635187	INS
0.100082642371953	6.37598246422671	0.0521263014741014	6.40010442795572	0.347654389623308	6.21229474491949	INS
1.44927408863098	5.03005486558558	1.63347117939296	4.7413511907548	1.20970206824437	4.75770892899324	INS
0.56643143110149	9.00955984308749	0.385055155420072	9.12602905229682	0.453552645995334	8.94913636427939	OUT
1.1772376393455	7.48704142369285	1.2061257606006	7.45074833032785	1.38589936139274	7.80687631980485	INS
0.256933338244013	7.68921420662061	0.536215143880372	7.69761616294778	0.426133683188602	7.61074998579855	INS
0.370238143925174	9.35456262310662	0.332298392004197	9.42693101231706	0.271130904650105	9.39872831129198	OUT
1.13524411377751	8.61421784333224	0.966476935612306	8.7849607677932	1.09388057126452	8.49547347085069	OUT
1.48152671972436	8.34042965837423	1.87021432969383	8.17847525473984	1.45036748710897	7.93035107365844	OUT
0.500290063453579	5.89413896151854	0.450905755338602	5.60072882778484	0.445210448373204	5.8942243801099	INS
1.34341746822604	7.752476774373	1.43174129939922	7.73169752689265	0.854767642795607	8.09120875364385	OUT
0.951945909196042	9.79937539343986	0.79122361235197	9.63479271506079	0.866481340698948	9.73306973270594	OUT
0.591603117961034	7.9801083599315	0.649125004501929	8.06510464304535	0.653415195313587	7.75007944750334	INS
1.43443309218011	9.04285354376194	1.52783671093089	8.67191666927654	1.92474813503692	8.84471909891309	OUT
1.13144878161974	9.92266177431722	1.13236110353212	10.0943767920757	0.838923180830482	9.99549974904041	OUT
1.41517948589556	9.42962223834969	1.48039755761621	9.49090096847931	1.28807117471359	9.34555597945127	OUT
0.757326737432448	6.06918501556556	0.998244080739146	5.84687266505505	0.680232167640758	6.26590935264947	INS
0.197104319424606	5.17315030656233	-0.0837188469895651	5.10970216218395	0.00864880949974375	5.11799727098864	INS
0.400806829848691	7.25561895701587	0.441919540939558	7.42319148778541	0.26605220920215	6.83851417992676	INS
1.31496860625151	5.06897278389047	0.916729448367095	5.55426584600471	0.930119822738846	4.98107853113025	INS
-0.568806902887466	7.36855374566455	-0.563125116103812	7.29833585730451	-0.591290429578283	7.51093864002061	OUT
-0.270942920808679	9.75598545364397	0.115160160941787	10.0323778214336	-0.374644812123278	9.96128067613823	OUT
0.390292540712681	6.24476139352717	0.578519898378012	6.07263030108711	0.497289041499618	6.50174830871347	INS
0.540282559175039	6.93211400277209	0.538897668914664	6.97349209751128	0.551764137359593	7.1322580646525	INS
-0.474648831989803	7.15716688213027	-0.542297161444265	7.11566743454914	-0.261485400499564	7.37184515138502	OUT
0.781863641818973	9.1544324237452	0.887516798555246	9.22248383078101	1.10601096379484	9.53323892363927	OUT
1.26823413709599	9.12323409816418	1.47961405596402	9.02361166913908	1.2926048760402	9.43012057424179	OUT
-0.369771527158055	7.26499306150556	-0.366823403837567	6.98071412831312	-0.617379703082913	7.3001107760791	OUT
0.319323539858039	6.90280084973839	0.642275793240496	6.84864601902382	0.368148655899694	6.80757729562977	INS
-0.0115168118246199	9.62934271420317	-0.174687804195855	9.71727533616524	0.268134836791071	9.57339299414874	OUT
1.46901725614753	8.70421813725583	1.06946543127422	8.60298938283984	1.44992258949934	8.84474420820324	OUT
0.678393285402248	8.68816536711413	0.528755003739298	8.65129572061343	0.755917834395958	8.92980033399668	OUT
-0.0671266654712628	9.73457999506014	-0.106987469598957	9.81497979705315	-0.260389581288457	9.685068134271	OUT
-0.321509073618439	7.5504985271619	-0.396061089212527	7.65834417541685	-0.019671819364909	7.85303262466066	OUT
0.544510271558688	8.95939592448375	0.37503603952573	8.81267728091456	0.625276419593619	8.81440649821871	INS
1.13838825608894	7.26086751164529	1.40583586471457	7.20719311377716	1.05396000251329	7.16780128588039	INS
1.15771316914793	9.24599353774492	0.83444971755836	9.42011322328784	0.822908342028864	9.16860336242715	OUT
1.15003215877229	6.95215414731249	1.05166863978597	7.0183062510923	1.01250612823497	6.81976406807006	INS
-0.172197587982776	8.69188255753143	-0.366057901384262	8.4223032217541	-0.377634671213582	8.86586281505746	OUT
0.543277168422424	9.88219278675926	0.448455584317043	10.1917671438047	0.444765667984952	9.84477560616337	OUT
1.23737971523893	7.61649529107555	1.10414695020011	7.49316794195698	1.30674137838759	7.98680274298782	OUT
-0.345899819043699	7.14957650854887	-0.250224882420698	7.00986231608757	-0.180029323878166	7.14835080328259	OUT
1.19833661392826	6.03579041293279	0.990124987325828	5.75107139610688	1.22946312687249	6.40904646389891	INS
1.28952963982089	6.61700689738522	1.12539782168937	6.5950804252574	1.30627241305445	6.13101321188485	INS
-0.142483239733412	5.55435109180055	-0.12225731853079	5.53380867001415	-0.0675598793879741	5.62671444444895	OUT
-0.438343921636727	6.87605027121056	-0.22154741426381	6.81150695033908	0.0922965124057398	6.93274696705545	OUT
0.395851837011931	6.64951989567018	0.0249463895353367	6.4816024183021	0.462394630666824	7.03655768835013	INS
1.15355767804279	6.7105258609731	1.51350823520041	6.37841565990076	1.18171184373005	6.76287066047461	INS
0.385726354287853	9.08559425653557	0.210051493172146	9.6880915711328	0.701293355860152	9.44142656679307	INS
0.26891687242394	7.65842657118782	0.398463417710582	7.95859466377065	0.286826420652229	8.03697374141133	INS
0.455767154084997	7.60561024254441	0.665680160535495	7.53381191746223	0.321170407182181	7.4815470882441	INS
-0.336576084000724	8.87154854493325	-0.0719574086315824	8.84857267904293	-0.150197392656158	8.63341721510149	OUT
-0.322200816601329	5.60131385389989	-0.425672609728924	5.67309408314378	-0.393778895689071	5.77295265657954	OUT
1.22799826679628	8.12725075958762	1.23286125673849	8.12482328868449	1.26841859707612	7.96423536087704	OUT
0.666195380733963	6.73324342775273	0.633722006023254	6.61917147555319	0.841445453831761	6.70181278893302	INS
-0.0428663752870217	6.67309692919938	-0.163998592500498	6.85990388310076	0.118723291009332	6.55885117281249	OUT
1.21608541811956	7.87308281690488	1.27042737092137	7.64541945819907	0.895418633386036	7.89324494821925	INS
-0.477970137729651	9.31968820529391	-0.406241455293839	9.71113584419923	-0.950380512308679	9.43897318909536	OUT
0.361283158714381	5.99281536085326	0.290820134158243	5.64016946677751	0.22094313711262	6.1352561125138	INS
0.916640252608987	8.36225481848824	0.943112238248931	8.29758795251894	1.24702090778212	8.38938308476451	OUT
0.111898218351768	9.50915685490036	0.64661457379165	9.68367529343149	0.158912787154374	9.31977512487095	INS
0.242561699545256	5.99578590809476	0.241048484456348	6.0193689862288	0.212211143491943	5.8264003656678	INS
0.506657479609137	6.49142074914991	0.648718066941415	6.19080979016791	0.47547975757489	6.54988130082107	INS
1.27789500037548	7.48260135131687	1.1853871278129	7.66696839527342	1.48552794276031	7.04574115383721	OUT
1.03455738245795	9.4495211584234	0.92898180233793	9.48217014105307	1.10065414068916	9.21463222203508	OUT
-0.454328034395095	7.50707294934299	-0.523485447775995	7.34413878157833	-0.359166708929801	7.19391919072395	OUT
-0.0145524898958056	6.38497619551987	0.0983590648510676	6.46571821324132	-0.432652853103798	6.31938684347843	OUT
0.196676652840737	7.66979089333425	0.0363688240403222	7.82102237484123	0.161869689101167	7.76683515619967	INS
1.21581234740438	7.87124776892821	0.845222990370733	8.30813570536668	1.21964998209656	8.34419781519217	OUT
0.281916775762468	7.06402200860529	0.292559979253106	7.04526549987391	0.109911307074762	7.06319660923493	INS
-0.0962573056670454	5.07381831402521	-0.183540349078023	5.01497709622855	-0.100847194137312	4.86029066108377	OUT
0.655074484468725	8.51382401714127	0.711075978921958	8.41286289826694	0.534611031895265	8.42311425458381	INS
0.406749247564184	7.53373575743495	0.423670425000373	7.14833595499507	0.580729604906743	7.62538001054035	INS
1.28694975385392	6.9063304921348	1.43277356576755	7.01060662557032	1.17278726210437	7.11069985706842	INS
1.362889399619	5.32465767436928	1.54304001874817	4.91377543960115	1.62382530019159	5.23284271969296	INS
1.11756235100335	6.79289980330507	0.852434692096975	6.73893230090692	1.10903350550004	6.79197783359868	INS
0.888708855693824	6.17125621266121	0.583793089996822	6.11624980106377	1.0678150096236	6.40842855515317	INS
0.960763197849466	6.01752026444485	1.06124986446204	6.18654921501248	1.41773440487461	6.06226814146105	INS
1.28939054328475	9.0688979158211	1.35066882841465	8.51466162827385	1.30275601970755	9.08497634511243	OUT
-0.462996409836647	6.96717296796736	-0.650828502900379	7.15078794971191	-0.164078521014693	6.90095945444511	OUT
0.105413459826304	5.26787585430747	0.352893885112333	5.16402498554506	-0.109079388925575	5.19095021734476	INS
-0.590896347521524	6.87525789136234	-0.584293964610517	6.6166554581127	-0.226227420963701	7.08685860416361	OUT
1.13900076661371	8.87497088708837	1.16371443025796	8.87322726855339	0.897314936111352	8.76863898640048	OUT
0.46561429233667	5.82648810435388	0.520402168246823	5.87315864052675	0.452535973264871	5.81703400762789	INS
0.168941115913031	9.5610944851833	0.319774277569513	9.47625534532394	0.103573850273066	9.35433061673206	INS
-0.124056592946822	6.59602890904616	0.180842908199937	6.30213917385981	-0.353886733136789	6.71677799163241	OUT
0.523146590153484	6.64889834141974	0.470751437702343	6.89018240464633	0.261538248729535	6.69873356728028	INS
0.00791821941808662	6.02117835047554	-0.338218482136503	6.06064679477032	0.137194812029924	6.10948710233281	INS
-0.456421115365072	8.83607368189907	-0.253728255367056	8.69469857606454	-0.734261824475455	8.83068844199957	OUT
-0.421561434309455	5.34986574476413	-0.607108653998714	5.59313919670746	-0.689697954410863	5.2014460807942	OUT
-0.456487116918596	9.75016974006807	-0.207751059673879	9.82360382424114	-0.230712712354527	9.73310674692982	OUT
0.260614648216054	5.79104892453443	0.142716908698876	5.53754581196526	0.260953874125548	5.53422712114754	INS
-0.340899097150301	6.43222933200502	-0.042602750192993	6.55643934613609	-0.264962318722206	6.36451018600076	OUT
0.330334844590696	8.43564557368475	0.169139225647843	8.07655465440651	0.1500685188933	8.89708352175991	INS
1.28777344762503	5.70574911818896	1.06525363707439	5.49418122273865	1.24841457906524	6.04021174690164	INS
0.142641903749887	7.56043325241716	0.334029817369763	7.59074214870695	0.204030205531041	7.7339883712117	INS
-0.347625948939691	8.60663463647082	-0.620236266727149	8.68888745011169	-0.314134613413993	8.69424750869604	OUT
0.595133153431787	9.64422567809928	0.731250145976617	9.65832523534126	0.95274891202647	9.80953674981006	OUT
1.23756872536753	8.6605192500813	1.32513344988068	8.27391392933646	1.11275223600666	8.73841940427408	OUT
0.132007451918173	8.74924010369062	0.103353942583765	8.91298450645496	0.102015268101536	8.93559013901342	INS
-0.511965889691584	7.03659801552752	-0.580272390611695	7.28894943733986	-0.345522879692941	7.27775062530321	OUT
-0.301086589284378	6.19745847793942	0.11047553752846	6.43092705085627	-0.111468368393651	5.99320692870647	OUT
-0.439155046759524	7.6042523754152	-0.514062053844683	7.49018637643959	-0.833902561909196	7.56605449136563	OUT
0.955105837531862	6.09538680054452	0.917065198041294	6.0166072862289	0.876730106625849	6.08995663315626	INS
0.3587027673699	9.21193951949373	0.170956285247561	9.00845271585541	0.223360522181795	9.10091573890021	INS
0.803323562162611	8.31466454525647	0.640631089285977	8.36470571958574	0.800119364481725	8.11582782750907	OUT
0.868416758766568	9.08117642583228	0.751693008460848	9.13160138762524	0.971451716249849	9.33560048205235	OUT
0.599850146020592	8.96938800051285	0.941755220125366	8.81509221945842	0.688816076540326	9.102950668813	OUT
0.720256018104328	7.34552601775881	0.64217205455012	7.52943510943095	0.948435681181076	7.16337081454314	INS
1.24330424268911	6.54762489667287	1.10529117003315	6.71805640636283	1.33284044469529	6.3370892904748	INS
0.790938653218882	8.43789623756871	0.701294512833063	8.56932147551088	0.854026702168723	8.52333609625488	INS
1.23836858493708	9.93426111694984	1.38124385495701	9.7835682488652	1.42748689129391	9.79649344914943	OUT
0.381785739560278	8.84966937927771	0.118639489903656	8.58196901413343	0.467518360886508	8.61000953342271	INS
-0.303194340493004	9.14790423362596	-0.177769921440374	9.27834925040273	-0.568115726063831	9.09841264320091	OUT
-0.456917639811564	8.53042382725156	-0.723176608463701	8.81986716230134	-0.434953335788113	8.36147708485935	OUT
0.899909054531731	7.97668209323874	0.873739424179798	7.71865689843209	0.568964681834083	8.1466055537745	INS
0.0467706591842725	8.76437060041271	-0.318608574959321	8.32273276040354	0.268905093275673	9.22568519504767	OUT
0.809444340594281	7.48361101912619	0.916628833616312	7.77083264242813	0.387871992023558	7.14342047818369	INS
0.770083754386755	9.3256632700603	0.908656697474082	9.31332882950912	0.660116367623799	9.49316383908446	OUT
0.515202560524714	5.34013847064706	0.377692609508565	5.57569976151788	0.534054709441139	5.42462496958278	INS
0.901724766700841	9.84272970106496	0.965239917988926	10.0398323846277	0.894080806754521	9.67421859752391	OUT
0.460102308348471	5.493781559855	0.492670776373325	5.25006588074642	0.836687778800728	5.68611315129967	INS
0.42479865286098	7.73488543227637	0.656621834027107	7.64850977426253	0.435890789671015	7.55721049181788	INS
0.445460448963002	7.01484954489767	0.471138060695723	6.84786128603822	0.322682420669457	6.63839960546618	INS
1.3655486619813	5.53520077700091	1.57344028864164	5.57113679773059	1.48295198385026	5.31053792508323	INS
0.217491533872703	8.62083085240311	0.194137305611797	8.85409133741	-0.0238502476554007	8.73646352053816	INS
-0.35399515197209	8.06841173980288	-0.48365453399294	8.07960892826011	-0.244929044751863	8.15047378496854	OUT
-0.0951105366603985	8.91484096259031	-0.102706777637926	8.49483259344627	-0.0449244598994283	9.11537194256274	INS
0.838307838721207	7.83310291220822	0.798442874966784	8.08016233009226	0.759758345250599	7.93125752191793	INS
1.16243259162515	9.05659579353461	1.33876656602829	9.05713009893652	1.03802420602652	9.30866669721766	OUT
1.43730372908587	7.88387930120495	1.42607491490449	7.79197194284089	1.19920838795642	7.48291666313143	OUT
-0.14814381311153	9.72014596920832	-0.31639158698901	9.29951065083416	-0.523837143240631	9.65924494563616	OUT
0.996721027478299	9.35726074470839	0.96575225986109	9.43204508170152	0.911919345392238	9.28462001154142	OUT
0.626615984701869	7.53801103972384	0.864334918794723	7.58704714131085	0.782064371558907	7.526434160034	INS
0.246198312899607	8.9441158250623	0.163216857052437	9.01183166462287	0.103413112849153	9.15755250915649	INS
0.471084709290891	7.3651532044985	0.339361356788612	7.14954017203451	0.788012643443761	7.22986835696397	INS
0.440852860078601	9.1440084924422	0.637650993698332	8.99797602595178	0.263190595761077	9.19449920258359	INS
0.767873519316599	6.61240794030976	0.788119018228312	6.4291424863291	1.19603942681921	6.23027450215272	INS
0.961782903708182	9.88073267613678	0.889241738884154	10.2382433112173	0.823347279503424	9.69766129233677	OUT
0.0341022851671872	6.39105520131572	-0.113663281197837	6.22697449547618	0.0539617547969838	6.57908418976896	OUT
-0.41181493607554	5.36415402406214	-0.707783418121529	5.32481175649135	-0.124819249311832	5.01546122572045	OUT
1.13452751321691	8.75611802936004	1.16520186311139	8.57808928096636	1.38120774711951	9.03908719592254	OUT
0.218132718735556	9.15594310267084	0.15472922436336	9.33809282539646	0.0666038110323656	9.05912265174026	INS
1.02814019186456	9.61169046665566	1.09192384234517	9.60923741669359	1.17585582061017	9.71724392412499	OUT
-0.223324899903649	6.63512146685007	-0.514634217493023	6.64968436332569	-0.446197146853258	6.39986585462275	OUT
-0.370341459592645	9.02034631285356	-0.105974559215688	9.2082295745011	-0.71151527638618	9.17130804633585	OUT
1.30083250999244	7.69125166650284	1.39827329750266	7.82629913417909	1.43306497986275	7.69096955675618	OUT
1.24033710823725	7.31647439539654	0.927011858407937	7.47366810021253	0.894408705405539	7.56728663694346	INS
1.49956438533398	9.10375125427335	1.71097631112388	8.67720311567777	1.07194968296952	8.99440236753803	OUT
1.21493484071988	9.75953253095727	1.09741928140402	9.80351845839902	1.20292530770522	9.61246152271558	OUT
-0.522557203203867	5.38136444719886	-0.46211287961739	5.57462155494477	-0.245419061709605	5.23014887591797	OUT
0.543833128215219	8.54335532093913	0.587725605899415	8.61335414260968	0.787396299206861	8.9382968183987	INS
1.4949939825855	6.17463221918494	1.31935376228304	6.35499527552005	1.19598381732841	6.10868993418542	INS
0.473117123916697	6.99447778859506	-0.0991628279374719	7.41871547225969	0.480573743920711	6.67267521839133	INS
1.23437556946502	6.34062213453305	1.34148662878207	6.59033946757894	1.39494974378785	6.53033557288805	INS
-0.452534908093268	9.16256658297768	-0.520942370073672	8.9379294234881	-0.257764190496246	9.16755706966148	OUT
1.47383134733879	9.97686905173102	1.35425957639158	9.81085203706959	1.78597811844681	9.90569459591702	OUT
1.33769820204808	8.2487549137732	1.42148074373014	8.22439916585984	1.65494811041581	8.35211840150357	OUT
0.584947931159534	8.51976415522135	0.447011787004792	8.39124594391369	0.756207486643505	8.69726003613882	INS
0.306070312716124	9.66151598984379	0.440308520974312	9.64572599653236	0.0211737093252192	9.53408029240356	OUT
0.109473587038633	8.43826274034759	0.139653079142436	8.68388529428631	0.117414054511526	8.46044225028884	INS
0.913519198479228	7.84176959334971	0.715255421512202	7.73549642631293	0.637536874352141	7.7796386109711	INS
-0.571323310006996	6.90423764644764	-0.40395732045733	6.84701668633868	-0.32470912964796	6.78861764488205	OUT
0.18552640482923	8.17289742405211	0.280428198876284	8.12737629306487	0.533941681215239	8.26800235713181	INS
1.33763896282355	6.81614310546983	1.58807213377754	6.9510477391873	0.937339944926077	6.96041650371124	INS
0.547607260861472	7.03809722472953	0.36908272972934	7.24546522475465	0.714706659276029	6.76406979206839	INS
0.395162426479463	6.84349861787895	0.216107580605789	6.81360611329807	0.326598761284225	7.06552412485283	INS
0.442728368724409	7.34199380195179	0.50539355422963	7.27857753316948	0.347135948467457	7.37176175703667	INS
0.0488392705607241	7.51706921641981	0.182245902814499	7.70378815115953	-0.12898101199555	7.46986208744872	INS
1.39675887356591	9.55267891199355	1.56238218402661	9.69733572979396	1.64944469703819	9.23498268578927	OUT
1.46218588983334	6.03215511036904	1.46348774547881	6.12979207304007	1.53882612280123	5.9807127284648	INS
0.478482517439414	6.69301837638691	0.43130407801207	7.34625812191469	0.454709045447345	6.67910642236326	INS
1.48443861879135	7.87062810994179	1.61500283778192	7.87696826150059	1.56788805174842	7.89138791777965	OUT
0.357271774337027	7.43466219714823	0.750178276649255	7.50291718405531	0.559916136821573	7.34736196746312	INS
0.294685849873407	6.31109492845221	0.471602684568561	6.29438873067567	0.12078235176269	6.49631392834645	INS
-0.152248964524387	7.89796731476559	-0.135341573109156	8.02125153296591	-0.311185059865059	8.21157301891176	OUT
-0.194176091098522	9.39163849487716	-0.30907890335022	9.28663865609354	-0.0564756348034453	9.64036443602889	OUT
1.1487839165377	5.30475111192246	1.24873404268638	5.5062924601547	1.46591850161808	5.25864125741496	INS
0.925937909170418	7.20438234465101	0.829117012648047	7.57020279198332	1.17597367905023	7.27150310906626	INS
0.512465957202128	5.42129000668728	0.560155084331833	5.43834762041477	0.489345255693333	5.50263426135367	INS
1.14106954874859	7.81618807712864	1.29671918704358	7.80252313218477	0.874715602400538	7.69182825886035	OUT
0.474936305810333	7.69655290145785	0.659790892189512	7.58385982008877	0.00637519024382333	7.69425545623103	INS
0.559119877134547	8.84028950135651	0.676747459993261	8.74557468970246	0.37380721018397	8.72234579375641	INS
-0.152101722566618	6.16545136099469	0.123485132874302	5.82474445701384	0.0738117805724829	6.17920247166056	OUT
0.634423315277733	7.93680871243235	1.00466430183713	7.92606470274905	0.524597809464208	8.2588161281787	INS
-0.300197226768905	7.2948693341118	-0.679730180257841	7.11860052091194	-0.243450886181604	7.25746245966526	OUT
-0.490330591567184	9.30490760901843	-0.846067427388747	9.55608589576015	-0.447774727995272	9.15875533166319	OUT
0.834946622142463	8.30418047224122	0.650418374821117	8.33534878234922	0.394393976609104	8.57966817293526	INS
0.677974904665049	6.76939583054226	0.278389487939537	6.78038236668355	0.928189506352852	6.94400947384375	INS
-0.138722536959562	6.73593148946941	-0.2101425485041	7.01564197801811	0.266218466523748	6.63085115895942	INS
0.253187878832824	6.26859051157239	0.18590772685506	5.91346083626964	0.245408535758155	6.12119094222043	INS
0.722806684001209	9.76264072686699	0.772891884958658	9.82857153925558	0.922523409408534	10.0448197779554	OUT
0.566146011923452	6.49100494911968	0.623378392157488	6.27942439488946	0.4146792728262	6.49727903037329	INS
-0.332083969719648	5.79203038889147	-0.469317683342135	5.66335655670235	-0.212854941315131	5.82908132928688	OUT
-0.244683503523211	6.80648528363546	-0.40734640107211	6.85817344164297	0.179959902910764	6.87634166522198	OUT
-0.597901221954818	8.70814546441412	-0.439220710184443	8.8864843252171	-0.335556150067691	8.58233387782996	OUT
0.278141189513959	8.52950005014716	0.201752138723693	8.36217556800608	0.138152886944246	8.74727665355994	INS
0.425819925640534	8.50446086435537	0.151579091607937	8.61509051343029	0.221897268776426	8.97508821139547	INS
-0.264275429379812	5.03112893705751	-0.262213938494703	5.32281080083657	-0.253652471893062	4.53356404624864	OUT
0.800361012169893	6.87172800637921	0.841187421319489	6.70071157062788	0.752957178849934	6.91132112079825	INS
-0.562367224992363	9.50747809646329	-0.644572326257271	9.30905357313649	-0.57491442154423	9.69655033158732	OUT
-0.348681751309592	6.59172414038626	-0.215969515440729	6.58938425694673	-0.0944599323511285	6.43255687471252	OUT
1.39946314864378	7.98541461607404	1.44461957653067	8.11079676303043	1.44369082280325	8.00336192308337	OUT
1.4492933389576	6.4889759123616	1.40672471633129	6.48927575576369	1.78209798335628	6.52309456366725	INS
-0.535079468796348	5.62507190642864	-0.543886382998815	5.46180655891505	-0.543671443882975	5.50512181819311	OUT
0.437151871882217	6.94177834328528	0.528788236453562	6.96480785052491	0.410504782651966	7.08309195783275	INS
1.21171646909154	9.08843871986933	1.12343299332986	9.12985245284243	1.37035643536081	9.3314087219204	OUT
-0.0899600507844692	9.90587852121663	-0.300949395239938	9.81696615939011	-0.00470554190845238	9.9505236696349	OUT
1.15196734380948	9.30994917643577	1.12085049190831	9.08585122789893	1.10998697255438	9.38388166658131	OUT
1.10854150404602	5.41910441048003	1.13437107669642	5.50617600300449	0.790909688511188	5.30980417997431	INS
0.720843518558825	6.68855995168562	0.822729184078333	6.691977678477	0.49756738536302	6.91225789245622	INS
-0.59529978302225	6.18064583186072	-0.601324488921114	6.10804870608834	-0.471928774584989	6.16259171534387	OUT
0.197420273426562	6.58902693966085	0.105947283490555	6.46277944444491	0.306113123880661	6.67715830208837	INS
1.29925196263411	9.92224202737175	1.41851908778741	9.82217703044629	1.00567276780673	10.1571943757449	OUT
0.828738496635838	7.74125445628208	0.80603280749811	7.56781582164807	0.852720163305849	7.68180642610148	INS
0.195528574524957	8.74625629677213	0.356933457613179	8.53823766544914	0.30139967363049	8.70741958102256	INS
0.727104892474902	9.20925867362044	0.709144344558626	9.46234496799025	0.492056029999997	9.22737005852895	OUT
-0.089134002811761	5.83444853493514	-0.0903924278541705	5.78615696342698	-0.288777052189179	5.78978543175075	OUT
0.599967450368183	9.51548804644792	0.581595316079806	9.1696817630674	0.83877590638732	9.26170232119824	OUT
1.46163042493049	5.52562063911109	1.27738276849386	5.4279724623815	1.11089093235711	5.62210147684117	INS
1.18433223970159	8.72546548220362	0.998941933055105	8.93754234706526	1.27363811039886	8.43715873120762	OUT
-0.00476721005297276	8.64685968918953	-0.197011344603401	8.53922889484752	0.190844779386698	8.58596908852916	OUT
0.833161095345458	8.58734801055143	1.19012706311883	8.9428155454368	0.474909637705039	8.30566974817839	OUT
0.152061515062201	5.66715883866018	0.112023717818944	5.51125508025571	0.126023714072699	5.92744848970485	INS
1.47254621691989	7.22894499758134	1.66062854777714	7.07835061295201	1.23749874956027	7.24602309480758	OUT
-0.423628778912004	7.54393615607285	-0.353797511480922	7.33730948154029	-0.405636362395375	7.63972677835063	OUT
-0.074357638640429	7.65245145409345	0.297498421496862	7.88521915779275	-0.158790817451949	7.59988404380099	OUT
1.10382789216151	9.29858521792745	1.28924228679385	9.18256400525037	0.77364117541091	9.6159532364624	OUT
-0.422711481856021	8.38862455359844	-0.668104250619163	8.47208503116906	-0.299117751079569	8.30782816684427	OUT
0.5156333238579	9.02919129397376	0.450185495759055	8.69956628973439	0.634865379904196	9.25953188550436	OUT
1.0813082562107	7.65621434729291	1.2596375363523	7.54167925627116	0.957620789537807	7.88683937001764	INS
0.951528808034233	9.77947919306596	1.00916592366034	9.91132560140153	1.05710388411487	9.67436018026508	OUT
-0.302507741364836	5.33338472299662	0.150531345349631	5.07730440344234	-0.571371367616944	5.41925650531052	OUT
0.319577941600548	7.70759013724975	0.309999875507795	7.717614947285	0.0726248764455632	7.7329101715226	INS
0.135798782068285	6.40830171747319	-0.174574031638163	6.51798230499724	-0.0948891966874958	6.83129967227239	INS
0.404844744115148	7.40450168182758	0.493661406521473	7.76019102436208	0.38297913537699	7.20565777622367	INS
0.633547140260597	8.42431890674402	0.451183364898691	8.55253634164552	0.528708188548756	8.10740918566934	INS
-0.293808040039005	6.04129194398374	-0.283921110531261	6.23063261967748	0.0884516490601607	6.10346207820917	OUT
1.30119427521316	8.04080494297033	1.51680345017704	7.96995394409892	1.28697306880702	7.84688326245743	OUT
0.744407921497666	6.63088086188381	0.806043673493892	6.51511742695076	0.856774994715551	6.51305103240192	INS
-0.257826899974593	9.40423601180904	-0.197899191434171	9.41553067523185	-0.143012558869562	9.47052268671325	OUT
0.58841224110348	5.66697306680462	0.548968549995124	5.48830852813078	0.662758952569619	5.40736244211212	INS
1.35639388765211	5.51203894943669	1.32710940106354	5.73645452353494	1.39473266290231	5.72637943906588	INS
1.04451395573773	9.79558451566966	1.02389978178194	9.95075026936161	1.29333099111105	9.87986584070905	OUT
0.839942987655876	5.76450999837396	0.280146598489392	5.95700912224328	0.607111028217451	6.04899176221454	INS
0.379060498463759	5.76269040547725	0.457715533672831	6.01484721692597	0.706114436981512	5.70032020881201	INS
-0.0533319991002878	5.77776294028314	0.144717431430087	5.75617923711009	0.0839339368296443	5.9603686676728	OUT
0.59546315926174	5.4478470146343	0.335936577127335	5.332415505112	0.365565834234221	5.22406495535285	INS
-0.0775816079350387	7.27212280701564	-0.381975280342518	7.37724932776245	0.144449852140096	7.3202896626457	OUT
0.0705333421938837	8.34447846405144	0.194735603726659	8.57487040316299	0.307046095883274	8.56916295974188	INS
1.31268468765558	9.15650840975283	1.01118017063083	9.32818418241308	1.65415030592649	9.0268663328162	OUT
1.25896208608826	8.95117568456857	0.923081658416669	9.14029092443661	1.17489900259141	8.96864989878312	OUT
1.06863779074829	8.56355458895994	1.22643303089437	8.86478067562352	1.39651333699496	8.89049042700186	OUT
1.34420059505044	7.36298752520891	1.21334412294351	7.42205511412306	1.39689429737076	7.20608625392523	INS
-0.224436103370656	8.54294076197874	0.0245444986927248	8.78376014903773	-0.517132717119156	8.32086292710583	OUT
0.486836411296577	9.79029740510132	0.228383527723581	9.78792824388436	0.331602214797091	9.97701970764434	OUT
0.71671116445955	7.52887781148972	0.593840669735031	7.68677788218622	0.902608766571162	7.52418035640881	INS
1.3176829263919	6.52526557658739	1.36602196866293	6.2445491354949	1.67627447434484	6.30512981237608	INS
0.794333333061497	8.94905591900984	0.904203162659855	9.25747712950912	0.557702980748859	8.77031388721245	OUT
0.217304928284487	6.18193481793916	0.31083179179703	5.82695346136683	0.195069756095458	6.25118857096982	INS
0.954015920973919	6.17151416636523	0.992307321575727	6.21264547405469	0.822662759403057	6.22049093789429	INS
1.11703320538833	7.32349699304371	1.07107221423501	7.25425501126494	1.49298003325158	7.25318132562166	INS
0.660724065670635	8.09693400607975	0.54488069768601	7.86513743725495	0.481507890290079	8.14274599879195	INS
-0.421506164544324	8.07664700083767	-0.325409929110959	8.14381226803012	-0.15520502051161	8.18953348680511	OUT
1.33695180228911	5.61311950778025	1.25958527391577	5.67956811987797	1.21203717609421	5.46692584745746	INS
-0.487444587835228	5.61896764163606	-0.403121479561353	5.90120951384382	-0.3321088114484	5.55501566663646	OUT
0.506752400622469	6.42229495647909	0.724293571676219	6.44966754140507	0.241901661008942	6.27716359773471	INS
-0.35040811909853	8.67866403413059	-0.800274498787331	8.79418966094223	-0.050352788706308	8.9466418473798	OUT
0.19830027950611	7.05654051491519	0.559196307419969	7.10515811210755	-0.242280292276652	6.80080189801093	INS
1.10694831933173	9.14490946356357	0.980536243445348	9.43844368866407	1.17145125986636	9.46772960315908	OUT
-0.0873985772994511	9.6755705802487	0.175893064139869	9.90168137993336	-0.00319768770294991	9.56161684419265	INS
1.25728758409651	6.99533329081021	1.56760599579464	6.99746392301991	1.09314735662889	6.99492698610558	INS
0.896558268994214	5.26105690065288	0.602776648292861	5.28592363897991	0.703266518322742	5.45256471967135	INS
0.194111719972501	7.85593051119236	0.229499391189894	8.2118167385652	0.315981360113159	8.00348693025574	INS
-0.0772688169085403	8.73834987840878	0.6159831659698	8.6904554244628	-0.284511098387018	8.67007101537042	OUT
-0.0690071349975266	6.60121779052107	-0.111932479886533	6.77281628486668	-0.0746546386343099	6.77893325571232	OUT
1.01121154850656	7.46467159321098	1.10846806119051	7.28900063695117	0.447258189656893	7.22872687538901	INS
-0.495290041400795	6.10826377237975	-0.4291130174162	5.95587456851645	-0.911499951308422	6.3845587309483	OUT
0.839105991978709	9.69636871328149	1.09268640816468	9.86892525378683	0.83015536627368	9.92845751270445	OUT
0.702584056517103	7.41152644679002	0.920686897626024	7.54118747559983	0.926175055370024	7.41522896729374	INS
0.968037722934323	7.69998043436973	0.778747600867162	7.91159888845377	0.638137005300672	7.78075889727943	INS
1.45223686152591	6.10528549851816	1.36453703280377	5.9786472210212	1.58797030469816	6.30118691545539	INS
0.206218376587292	5.47972500910576	0.274862511040398	5.68332289276437	0.305083026117692	5.41417781477674	INS
-0.0535682351411831	5.30082708229739	-0.0652489115304853	5.33521221719758	-0.171261950458585	5.40990852208623	OUT
1.24268602562966	9.09754437471135	1.74968096317668	9.08804955701458	1.23790109359223	9.23498410258033	OUT
1.09280156537236	8.85739152363019	1.1805306529244	9.19522061748861	1.53106416735129	8.93178172945281	OUT
0.368354267537369	5.97847865509868	0.45585781113707	6.26588755359969	0.0882380647441478	5.69437220843467	INS
-0.408980455359135	9.47559077276579	-0.576515654396547	9.02537511230647	-0.312960557280938	9.40845747691239	OUT
0.584964533073716	8.42150073112072	0.323464009868765	8.49279855704366	0.626474668490583	8.02625213965138	INS
-0.206495932787926	8.28423240623808	-0.0476673897035948	8.1141840969913	-0.142078978554805	8.20763011380285	OUT
0.516548130378938	9.95190600743977	0.477095372489817	9.89199579963705	0.515372033815156	9.79393444658809	OUT
0.145569975724104	5.16845896560506	0.275400538975	5.04160924695701	0.201847792146764	5.14925088919771	INS
0.0610453599865374	7.12126635212076	-0.105249494445397	7.44616182470524	0.0107775109925065	7.19674769999909	INS
0.926157084569657	7.44991836403127	1.10534789656989	7.69813239045275	0.587465191927482	7.61592126523797	INS
0.48312300208043	7.91752235233639	0.120425717994779	8.02857846082945	0.366319765061423	7.88888902892418	INS
1.0603542856162	5.41634873790647	1.3736909764058	5.55703226100947	1.10724283178556	5.42437741812414	INS
-0.170565579146191	8.30077314988892	-0.00126544623445218	8.39240581770648	-0.11880833501963	8.50342981259548	OUT
0.824022762875571	5.26152610385196	0.846053730126679	5.39832290189058	0.944754046432494	5.52086872862478	INS
-0.48978036046015	7.78415267065998	-0.722000666143397	7.83441058657232	-0.045587289243646	7.82767103175867	OUT
1.08246196096125	8.56012624567472	1.00295482044886	8.52442546661483	0.751635835081532	8.73237754554304	OUT
0.824994141520559	7.43955312630036	0.875853003728658	7.54109829234587	0.961076240694092	7.29357292674486	INS
1.38661878467653	8.08800322952989	1.62817667189138	8.02602340589537	1.41378464614871	8.40512755385854	OUT
-0.407727899962857	6.06888787381016	-0.61443622250284	5.9900138245872	-0.415325390372686	5.93633336268419	OUT
1.30772057821417	8.22829331030678	1.56674992907135	8.17434560184057	1.16909313187335	8.07478641927474	OUT
0.470901377811729	6.90321145642313	1.02452598448017	6.88558542199164	0.445396374986319	7.01083631867679	INS
0.691297486794116	5.51856420093444	0.592228056915643	5.52017005581923	0.827369855587765	5.50549769077342	INS
0.0637495218605155	6.88755759381373	0.157502626744888	7.39391671681436	0.148992441222934	6.57025937321378	INS
-0.437276288817614	6.31430403754326	-0.568735666248816	6.06965542600991	-0.758410183744618	6.52979760682935	OUT
1.18628953860778	6.20642806326501	0.842898090152919	5.99207794195559	1.36753168901721	6.34546914612264	INS
-0.296493495408125	8.11462025187257	-0.00238967458684503	8.16383198095521	-0.246590666780965	8.44414529040614	OUT
0.178020164573425	7.61463881078775	0.316847617693497	7.60451651532817	0.55686580697092	7.67360687869591	INS
0.707022009470627	7.06618873247088	0.604882612135699	6.92015860741085	0.484546277409351	7.20718528492999	INS
1.49485899510588	6.08896017762933	1.51753647177005	6.15435760278898	1.35045064045223	5.85867010020486	INS
0.486422679815954	9.29276808560415	0.440461250283151	9.44336626826059	0.135985321227073	9.66466105011146	OUT
1.48007355181566	9.30504126649817	1.1877269838118	9.07429695719634	1.48079601452288	9.77933297939136	OUT
-0.124277628632739	6.41969505782416	-0.70074485662067	6.33812164786848	0.0747512293881571	6.34343106419679	OUT
0.235810891482449	8.07696424472562	0.226317369976575	7.81938295848939	0.140017020725785	7.93800800657342	INS
0.862794247974444	8.89744750921987	0.770301057902065	8.91416304663641	0.758973975707141	9.09746956181688	OUT
-0.464254405147602	9.77423655709712	-0.579583584097827	9.80699641719819	-0.523186353392989	9.54718075074064	OUT
0.970089322994564	9.5980162311313	0.800895651094005	9.73453117383801	0.937979340753916	9.62873810564802	OUT
0.282840905588908	6.92407851776761	-0.0806061972311594	6.70680499472072	0.487544116115445	6.89711481421371	INS
1.10376658249985	5.81321508203137	0.99942045961276	5.87271355772743	1.10694552980481	5.9785410827773	INS
0.197171100118284	8.98375709887859	0.229458275727751	8.95509544776066	0.100639686587277	8.58998796591337	INS
0.0700424224552472	5.56908589817066	-0.142319752518334	5.8474766302131	0.196977325369489	5.59377346407646	INS
1.47070724012589	5.7941214933771	1.56080598797011	5.85547096804282	1.19781963060404	5.84650480614338	INS
0.908179900940427	6.77914058126214	0.853620286295666	6.67170374090548	1.02790486106145	6.42492151827432	INS
0.267685052996785	9.23879282197863	0.247394182849813	9.19300637344847	0.226385430214626	9.2070247893156	INS
-0.392876501789881	7.91390598494494	-0.678697691375615	7.80666190447285	0.0349967661522271	8.03974111260763	OUT
0.94257416284946	7.93088832620026	0.789692275111184	8.21869258062379	0.812811407981549	7.67573423604477	INS
0.738343209742313	9.62918994474918	0.820370718404712	9.5269700071562	0.823061658149549	9.56918197447294	OUT
-0.444932058854261	7.87539133853769	-0.602918608666359	7.55402424908567	-0.421358989170788	7.91476118386437	OUT
-0.346932850555845	5.04988697480103	-0.31460542468198	5.00963837040903	-0.563088545979604	4.94537016644172	OUT
1.4613520387244	9.04688642908934	1.8569328381971	9.27558711114492	1.63645737671784	9.36152249264548	OUT
0.443278785736213	8.04404179795579	0.602332071198166	8.17670001413346	-0.00197754528279431	8.19792885452245	INS
-0.552931325675679	7.39956840188112	-0.345457979041807	7.43238527503531	-0.942153586691763	7.28381670424635	OUT
-0.486953747164028	6.34220079145534	-0.0148877541753397	6.69928189328786	-0.748872679600295	6.40852536392313	OUT
-0.0579975936086108	4.31882784908769	0.177081426329897	4.20128555361463	0.203127027097471	4.54459116846049	OUT
0.410120025450918	0.849196254331969	0.489668110678229	0.901003515882627	0.606913931711685	0.898840086162784	OUT
-0.122582883648031	0.89349514583557	0.267666859706866	0.719128442739987	-0.372860154947793	1.00487960695321	OUT
-0.497935173692027	1.21752183811598	-0.678866446533062	1.05993853146244	-0.533885931813099	1.34614997768545	OUT
-0.244592189461255	3.75889677530651	-0.381022627774565	3.69002882729277	-0.39327347912065	3.9067258400007	OUT
-0.0572627537236771	0.995671875585108	0.346395561618302	1.12519529380237	-0.0106143693851955	0.731122956492572	OUT
-0.184388879132062	4.91470255751991	-0.093520243459823	5.32552790635602	0.235880081791897	4.77934384378241	OUT
0.671955434784343	3.54819351239535	0.663534598820539	3.70798186180137	0.496622172492445	3.47761593263114	INS
1.12977765529783	0.877180727596795	1.22141111614615	0.662965235482865	1.51953536491821	0.557694989493708	OUT
1.10229142161037	4.29148696180162	1.04946259440407	4.25045586394257	1.00923698479617	4.01110999159954	INS
1.08469773366286	4.54705741521715	1.02630070419253	4.43616879423711	0.954314293764849	4.61858653039408	INS
0.887038090454168	4.80831540096633	0.809678461735897	4.7497267812229	1.00896420815325	4.88009731679248	INS
1.20469349403636	2.8529985204298	1.09389490743783	3.08904491665365	1.34651829722845	3.03791830677888	INS
1.0402774878029	2.81439615175223	0.851531902116987	2.88987516465858	1.09623669678073	2.88751569931548	INS
-0.172026612800578	0.883306023471013	-0.183996249330355	1.08162089499809	-0.465517823163959	0.729949569977171	OUT
1.48602082485493	2.568395301878	1.3710838708337	2.68908567876759	1.34775736291449	2.56525058796881	OUT
-0.403388490738315	2.74235957964903	-0.115017430851978	2.583782355267	-0.576986181954982	2.59905723834018	OUT
0.766298942206226	0.826387213100868	0.813404288160568	1.01255082362494	0.663797394882459	0.999818783041414	OUT
-0.148129295153536	2.46946519266224	0.0561460149286087	2.19938752576303	-0.304546593215375	2.16727510901888	OUT
-0.0878664855011286	2.67558633738124	-0.115832592089618	2.83554423267827	-0.00270865336547056	2.84747572580707	OUT
0.113344390656873	0.994035799160872	0.0970341700450229	1.11396328344933	0.315652489811452	1.09365519222472	INS
-0.184489084938626	3.11584456167043	0.0671602654530456	3.3359303374177	-0.234622558458916	3.27046329109427	INS
0.464350090935362	0.131576968271789	0.758056891334566	-0.152371396407861	0.575197303881137	0.0158533200489722	INS
1.39659176376637	1.59395480625346	1.40317993497422	1.55322758752796	1.54836792292161	1.63338111580843	OUT
0.228675158437247	2.66499767205275	0.567170787496352	2.66858028549212	0.255443690369867	2.65679081362607	INS
0.627376164668023	1.63386868743986	0.722521876345676	1.65393897531408	0.572863865374958	1.33169882878605	OUT
0.673728216499811	3.01095220305325	0.74743426018335	3.18622352402385	0.565202686090081	3.10790901491144	INS
0.900750020884616	1.80966363728131	1.33915016573123	1.94980247880506	0.668129110450407	1.89818265377878	OUT
0.243226342957561	0.674603182928375	0.550363363929703	0.805006336945598	0.188522863909667	0.525982174278001	INS
1.20325114606975	4.56906751773678	1.38470318913433	4.6047735955475	1.23515192106297	4.81707333282123	INS
1.33301846253891	3.20279418645781	1.41347037900997	3.53799626656888	1.29567683801826	2.84976966996678	OUT
0.976761667935563	3.2938707114794	0.869085267742148	3.22885122334966	1.02034249727002	3.21167188211037	OUT
-0.00025741909072502	3.37665165654932	-0.0233005167519167	3.39688122335479	0.00899024094650711	3.29848563325144	INS
1.07331315456491	3.72278857103079	1.43771316562551	3.60745012526722	1.20737814783741	3.58004525690299	INS
-0.300191756727956	4.2108878659348	-0.704493088340008	4.19858224397888	-0.426291945388183	4.07809892637753	OUT
0.45955540027737	2.58328583854537	0.332159908132723	2.7284033911279	0.43587336864076	2.67989523458594	INS
0.682444698111992	0.759343507270159	0.644684053279971	0.513875141447757	0.730857614889111	0.584584417083428	OUT
0.877973144238213	1.9033213714398	0.907628152627148	1.94150749065896	0.802756219203199	1.91709745862259	OUT
0.205013855141683	4.10509700720541	-0.151762153651143	3.95813333178543	0.261102736483467	4.02007258460939	INS
0.930235216834787	0.856821896714001	1.03604872642518	1.01449880095696	0.575344788396229	0.831149414413053	OUT
1.26329782805856	1.64987640708917	1.40924420035335	1.25679996031922	1.35501339099702	2.036346161332	OUT
-0.482718525335471	4.83235993454629	-0.670745510015295	4.44125509165046	-0.390353947424958	4.72398841516265	OUT
-0.309745680608934	4.03146298257108	-0.361603070528118	4.35632168816187	-0.30998317791933	4.20856724400249	OUT
1.2124364553233	1.11093964991105	0.969727488608885	1.08105563751993	1.14184870454373	1.11851338740478	OUT
0.285667613353814	4.99886561347378	0.610577546720375	4.60521199111246	0.199069362207889	5.00516153232364	INS
0.26375976652956	0.318693487321764	0.338462248187545	-0.0185340132033128	-0.077195054235411	-0.0618285493930156	OUT
1.41419681519416	2.12741559043241	1.36401845625564	2.11003125268565	1.63334016260159	2.33157026225271	OUT
0.975515115243387	2.02169076044843	0.790423934941581	2.08316797866267	1.10266953839605	2.05259547442935	INS
1.46009393994534	2.00146441941803	1.47982600584992	2.06897354200086	1.24265707643524	1.91466116673717	INS
-0.109616808185933	0.559613219529471	0.227239159824465	0.773011571528377	-0.405069894252035	0.567098694016646	OUT
-0.397923801462589	2.12155386618817	-0.34287192151336	2.18814217009718	-0.474973684409581	2.09975235238602	OUT
0.207622618359689	3.06772941333062	0.278280494239093	3.05303268306948	0.343789949873054	3.43413404293684	INS
0.450572356979309	4.94030642877771	0.210497244350654	5.1498577953718	0.617102226716965	4.7189371972714	INS
0.597537324632053	1.09950389419748	0.630763059810428	1.51127647155564	0.704456971956548	0.987197271828459	INS
1.45092635315865	1.77040538955151	1.60615870594265	1.7757440596019	1.60453126698219	1.822966582524	OUT
0.434995880131751	1.33120939594063	0.1587087995218	1.28310453850547	0.785973414232791	1.70204213361483	INS
0.24185401942319	1.45749016982587	0.46750982348011	1.66518520659592	-0.0990084688030599	1.50895741289219	OUT
1.48947954982263	0.941947707554136	1.98256746682924	0.840502648806612	1.58338119467763	1.16417508534854	OUT
-0.0519041824749909	0.114298118128087	-0.363487626158139	-0.182317822600035	-0.0627649514735791	0.264821987179656	OUT
0.797181892554336	2.24702090974242	0.383852328510644	2.22572332727707	0.647406896252085	2.39081002920766	INS
1.42493889395599	1.21820096697351	1.41041916086028	1.26725375428509	1.56829170229674	1.47570876650673	OUT
0.809417176394653	4.34363272369941	0.961239464435885	4.37279133017063	0.808314596111244	4.80187863522373	INS
0.0282671985122694	2.6430538372131	0.0119343688243158	2.41943675412809	0.268290062331411	2.6725708463026	OUT
0.515365706312176	4.57067584070958	0.483671048183438	4.45128761245596	0.308562278536064	4.51267181580778	INS
-0.596927332137912	4.86965088529454	-0.595627724837655	4.73375325480269	-0.766440883031145	4.9070937326236	OUT
1.25595649974476	2.92712979331165	1.04303493941778	3.11814068315533	1.34264090711936	2.86649346461178	OUT
0.249206100346313	0.594876913368397	-0.0795769143436209	0.568716804997015	0.0717013044611622	0.132608039193368	OUT
0.0325317316782925	4.63266294465672	0.348841697278917	4.76254378023084	0.0567782558388446	4.60947276566578	OUT
1.39622134195775	2.96780386240579	1.45474417002871	3.08750687009153	1.3158403638612	3.00137172611531	OUT
0.367361205733052	4.41807652462384	0.129839490068579	4.37957641350607	0.586696870375181	4.34481677207816	INS
0.00405977318763306	2.12237965543827	0.219247120500754	1.7262198684079	0.0913947028312879	2.07900492418447	OUT
-0.422284058989599	3.0362869294202	-0.681758379243138	3.1088745834558	-0.503684997075438	3.28353441301512	OUT
0.622580803853881	0.353817912386508	0.598226757887728	0.494607832183869	0.494842770452956	0.370321926752765	OUT
-0.278555735369506	4.62386215591599	-0.130401427593779	4.47334276692247	-0.359531975350373	4.61788258762514	OUT
-0.44650195704407	3.2103970807085	-0.614645482168542	3.20701358659009	0.0322705342534764	3.07812788842897	OUT
0.619186031344776	0.522498339487875	0.549291870599544	0.434165503133384	0.609261428615621	0.411049572977969	OUT
0.00273098003392946	3.50112536844728	0.00865737137849062	3.84139232853064	-0.0377842016394494	3.48094473723183	INS
0.160032177242446	1.97902164414166	0.550506869335115	1.97290780007471	0.120525367054499	2.00460700835343	INS
0.922131857022329	0.424523753885362	1.0139365634105	0.465307304904453	1.22539506232978	0.502245595001664	OUT
1.20245452406426	1.07239433775536	1.12259213797061	0.862832292182302	0.856012902312932	1.3994428214503	OUT
0.130622942000817	1.24399448769199	0.0855460133314788	1.09692041578398	0.35311744466469	1.51530743800023	INS
1.41966577118432	1.13326568730704	1.36360918260967	0.861953167787681	1.27580956583797	0.893826359952586	OUT
1.4024950082901	3.51502195509062	1.66383992080573	3.66073907076897	1.34782189259023	3.86633971820577	OUT
-0.167321508656247	3.77076292608914	-0.224196535629694	3.89220029693296	-0.0318406248189122	3.57366319070916	OUT
1.01331420404863	2.73643316931827	0.854972106081314	2.57077609233727	0.826024039767721	3.2506754564609	INS
0.692616947665127	2.76741709967126	0.74074072531451	3.34494595723599	0.777760317776483	2.80727449830394	OUT
1.32973722364987	3.15286395851521	1.31080802688288	3.33669104033408	1.31482860297317	3.06511840121961	INS
0.665328248539938	4.92728475257374	0.823975184101489	5.00844256022217	0.385566791168741	4.52302407256762	INS
0.874490279439664	3.17139101491309	1.06637818513229	3.55462779325097	0.912951500271228	3.09179486260313	INS
0.961717405928584	3.0022780626541	1.17913796963087	2.51114054725567	1.07779534910968	3.31070688381924	INS
0.208714781246531	4.54593478540038	0.338148524175586	4.52772210332085	0.336286634007267	4.46340269926779	INS
-0.0718420427326258	2.85418316941116	0.054667991297206	2.84924716015048	-0.185038367617725	2.76401905873769	OUT
-0.522804551405717	1.67709960623532	-0.142149286873343	1.71708681539793	-0.526032076669079	1.41449761019282	OUT
0.391458035919468	4.7856957915545	0.159452928473292	4.57803285891699	0.515922548986508	4.55091155755607	INS
0.754651889714326	2.19961561140076	0.685190037130141	2.30548897825107	0.861339162065358	2.08387836720968	INS
-0.0141631251557029	3.00771296757838	-0.353176056638797	2.56428920803594	-0.09203127628281	3.07971901992391	OUT
0.487507910731734	3.60131180785262	0.671385122538986	3.62279508476827	0.23317435308953	3.18885491444935	INS
-0.0841000589403396	3.39389170835732	-0.079793815569286	3.48167359106405	-0.0295798466119739	3.52736264283555	OUT
0.024767166291548	1.06379505051602	-0.0351009004569986	1.05559636903378	0.0882608592691418	0.967572387163305	OUT
0.765995595807914	0.408116875228326	0.421792427122759	0.480978710530462	1.06566925099322	0.568982504015624	OUT
1.27192594159395	1.37239703942799	1.30861231581835	1.2196575151059	0.96116578336397	1.3715278931046	OUT
1.20832358008968	4.33759193233232	1.15637712074783	4.44749674271219	1.13746525550126	4.24905323866982	INS
-0.159178338799202	2.79678533698728	-0.430136128094978	2.72185781287576	-0.0723328143687215	2.89733809520761	OUT
0.238097214368974	2.3231388551366	0.00660881426697635	1.99130706640028	0.217801610288164	2.42416960759219	INS
1.26455434914933	2.15150450390202	1.11215707719236	2.0894587837468	1.67030794622414	2.55652871368223	OUT
-0.061291175001957	3.86992960010207	-0.111351092436838	3.7459409937009	-0.134733550678413	3.60968906619278	OUT
1.4302833691716	3.26960210640396	1.10053075209942	3.06468386924297	0.957528399573222	3.12919597582856	INS
0.700230441256595	3.28864635833264	0.663832317802693	3.38964606044425	0.846202110328953	3.04395704031108	INS
-0.252773890285018	0.805104522923689	-0.129636444340982	0.813199145601173	-0.532578042140697	0.691079637154022	OUT
1.13501796053611	2.16188413471836	1.05968310636263	2.11093808867945	1.39799536796294	2.06080533227905	OUT
0.776955512538085	2.52543042177761	0.637348458620882	2.41588323807133	0.85772058747259	2.43714485267436	INS
0.547550426523331	1.87666140464979	0.60837491252937	2.21198019459561	0.478717180970723	1.7828760724957	OUT
-0.0722085047992395	2.40186114042934	0.148007479017145	2.63646171583203	-0.268221356259894	2.29978367477682	INS
-0.515671592433989	1.71210701383554	-0.604993186641554	1.6742947510285	-0.144202508456569	1.66468064771769	OUT
-0.109911633595217	3.88573220070037	-0.203254083348848	3.9030467293266	-0.0480039430731281	3.97137925063803	INS
0.158337166124695	1.91971931194903	-0.128826963457643	2.22223133220589	0.0605166209195148	2.14246145667468	INS
0.730255573525969	3.55778213495616	0.534712351815726	3.9164362789923	0.591278913919997	3.48479041306303	INS
1.47080600206627	2.40466703695976	1.59198492196924	2.62519114580269	1.43472748174293	2.77015284103666	OUT
-0.164971043095588	3.64590111060786	-0.187701948044752	3.58073161949555	0.0862856257433773	3.82045260204276	OUT
0.989876277267117	4.68779619481703	1.14278858746507	4.57123321065382	1.3720250010794	4.93172996484976	INS
1.26128903022394	2.58627201275462	1.39526852131094	2.73658946008633	1.26672762241625	2.39023189909387	INS
0.39168270494361	4.51534374313334	0.466839442698704	4.34259687960088	0.477108592125491	4.14970625578362	INS
-0.266281595247278	1.09096321065456	-0.112951032412648	0.876788094664935	-0.201608628033217	1.15635209797675	OUT
1.10293364986228	4.36609670086452	1.40762801878377	4.29504934112809	0.773140043056617	4.43496239200667	INS
0.400666280705591	0.413464659654267	0.516031119466297	0.604640574031813	0.428733878200869	0.0734122307063103	OUT
-0.355796182283013	2.32701708285347	-0.27060157905886	2.35887341326505	-0.455404729795909	2.02984234209868	OUT
1.23901328684774	0.109649114039894	1.23042709273822	0.158637475566398	1.15345868184577	0.180061548014366	OUT
0.73389139687231	4.04140275017774	0.485438794624067	4.26635268561115	0.703716528275896	4.24869283338728	INS
-0.395709166907576	0.896047503956158	-0.496699501202603	0.942973087615798	-0.973871178495262	1.16731679404588	OUT
1.30772285810323	0.826961234269753	1.37289312026627	0.599248738424021	1.16081444593118	0.64330864385824	OUT
-0.526466354828373	0.908017335810527	-0.748751029360958	1.07643606350822	-0.37522331147285	1.02894177750672	OUT
-0.516525642363124	3.45718281655604	-0.422888777541292	3.55245118378688	-0.492367073860113	3.58003169266842	OUT
1.47599257157515	1.06881759613978	1.54051514681342	1.05113965822673	1.37281144224519	1.06240256373175	OUT
0.840981356766708	1.49052429886603	0.860985644290955	1.4079171730885	0.772809672938825	1.28015015097935	OUT
0.191047304749868	3.84167573529873	0.251334220914062	3.73275907388563	-0.0249511255217356	3.62078034555892	INS
0.459080930877607	2.5057504732301	0.463845658394016	2.50094913603912	0.319603148478915	2.65385416611277	OUT
1.0033409265029	4.54732403253639	0.99892997966363	4.38722130109508	0.886741583971957	4.21091060769724	INS
-0.497362926763025	0.289264515439692	-0.499114512513436	0.186826442351853	-0.53458800945553	0.230278458795471	OUT
0.924448078847106	2.18375964121448	1.11033910507709	1.88642456649996	1.04204020251237	2.21185467604606	OUT
0.872788923055836	2.86127372785583	0.854702460648846	2.75754534972073	0.868580643653837	3.0798675011869	INS
0.363670734206257	2.82533579888589	-0.164558423292053	2.68668998865678	0.347718472539739	2.75350573168328	INS
0.622819098806024	4.11908283613179	0.525589100346105	4.2346131915073	0.455716141697413	3.84058548867287	INS
0.112088582698158	0.630494137412908	0.151282507112865	0.921487529857282	0.307812598216281	0.700102231540392	INS
-0.241686631300188	1.5005838876688	-0.0497421898502273	1.70768085763659	-0.19459104897803	1.35665175271822	OUT
0.238306148191175	0.0106101241660528	0.51437102413727	0.219974821335196	0.351515696531444	0.366106187699993	OUT
1.3315321085432	4.75553678945136	1.14323938095195	4.89077889822175	1.37539015928365	4.58194838346636	INS
-0.12530458164217	3.83149681665998	0.026869039237225	3.94081573862011	0.0362376209124368	3.86569780265573	OUT
0.158114061917282	3.75652081094075	0.205698151499758	3.90651854577906	0.460619410027957	4.16500387210103	INS
0.0815802267872492	0.694324185704673	0.0399055348990405	0.548356390547438	-0.00474645772468624	0.905146155198304	INS
-0.424477561297215	1.74659771321313	-0.419529721449026	1.91323820230512	-0.31596544508885	1.74321457432415	OUT
0.476597620571475	0.75670280248739	0.470979399850293	0.516992713987653	0.612457599054511	0.852535890682054	OUT
1.14901613204091	2.48360339128962	1.17708795768493	2.60735808651692	1.14726274983986	2.96415243141517	INS
1.29968834692801	4.04326126456095	1.34720558346276	3.87677873718307	1.68207661037737	4.32339011223608	INS
0.919551415766465	3.16434396720573	0.785241670655501	2.97024500496539	0.723828244828361	2.89866394729932	INS
0.204291231031058	3.44200748846424	-0.00470877264647671	3.35130532924224	0.10706539048091	3.47895032586533	INS
0.0258358175713657	3.19785108927628	0.218989145944658	2.93730958823298	0.0414154078822054	3.41082208305481	INS
0.852594435001116	3.64660863121784	0.808643130882777	3.64980359086714	0.857834635624074	3.33963872248918	INS
1.24895954634134	4.29922854042685	1.53186671788046	4.52136037597457	1.20440277158467	4.35696275562409	INS
1.34155144600099	3.13477689707287	1.15671411481561	3.08490211867491	1.24561034616413	3.12114415194222	OUT
-0.429369171721957	0.902956864546942	-0.548197335703441	1.00209719122429	-0.264451708928827	0.96063149482362	OUT
0.413613330602826	2.86653273166289	0.697868420892741	2.898940230283	0.401532665269614	2.70551753242787	INS
-0.33064338296537	0.817830781920267	-0.0491218536234365	1.0601949787433	-0.491996148992259	0.452433763934488	OUT
-0.0688865655938869	4.53025867787755	-0.274686716690573	4.49859556160395	0.27368099470446	4.31577215839807	OUT
1.25631922298049	0.386713925666604	1.29762166926071	0.445308132894529	1.4387508932131	0.761692363803629	OUT
-0.18781848225184	1.69267325070838	0.0804037789286569	2.18621613037804	0.109949859181272	1.666726362833	OUT
-0.345157325052371	2.90308773698566	-0.0786140102271619	3.13233449053798	-0.350506934857163	2.71278158518971	OUT
0.541759486267727	2.37617578746138	0.284780545484464	2.18940716456181	0.924924333142159	2.66974773333161	INS
0.0607035712649854	4.02660243112766	0.384378749453637	4.25056084216004	0.244638992949418	4.21039951299778	INS
0.202285921642835	2.65389070487403	0.334614675266219	2.46904535712462	-0.159333815697216	2.4813718341815	INS
1.06223245198887	1.13655165821144	1.10770174044291	1.13853305021602	0.809170881904817	1.35154196319198	OUT
1.16227690703455	3.54742487598241	1.11716168089043	3.60529824700573	1.27900303013525	3.76950412529449	INS
0.828496410446215	0.74316276602425	0.63529772298496	0.917163375038873	0.805258818748946	0.588410902919892	OUT
0.275536215332777	3.29058090611692	0.294539787535167	3.2111285481781	0.246773761611317	3.39855794354233	INS
0.75006859576278	3.16991273945046	0.698722095583762	3.27748429493683	0.96502250703196	3.09576468806843	INS
-0.150428951765742	1.14653125732886	0.311597329328762	1.50047859529997	0.190008854901723	1.39669147470969	OUT
0.696268692147959	0.91114007636351	0.73428063655858	0.530043077396027	0.774515759429624	0.658726915763011	OUT
0.817901406276012	0.831762538682251	0.783220607470978	0.616412914149718	0.843367720819464	0.75005575942324	OUT
0.662149317678411	0.748035458093706	0.659343553063258	0.987023636878656	1.11233552242557	0.91219345724304	OUT
0.127249958408018	1.01373698871299	0.00470229568539479	0.954947297354277	0.125114372161058	0.997830229792214	INS
0.16524287334926	4.77479450906886	0.579602862182726	4.76715894700818	0.0751330368773527	4.89007312403484	INS
-0.239889738653756	0.0795416940474247	-0.112484921587005	0.264328607316024	-0.358899654439457	0.427050735855628	OUT
1.07025929262975	4.78757175085592	1.08523807918904	5.23218397993633	0.923125375923982	4.70229995729051	INS
0.434600515830233	0.12846142685114	0.659253954468359	-0.131917654807616	0.450939528204065	-0.0907034866722662	OUT
0.14470799455101	4.85555331547854	0.138082406985689	4.67375514731001	-0.0274633980398016	5.16801033581799	INS
1.02762851994546	1.48797838379237	1.00807897886261	1.47247834987916	0.655946423648385	1.40049839946941	OUT
-0.102709905164678	2.62536539609713	-0.214033883913947	2.62546748556111	-0.359687283137223	2.68902221777161	OUT
1.17415024292982	4.31169605739662	1.05105044171346	4.33306714586306	1.26139067605858	4.1953035272307	INS
1.11470663872019	4.48202451732456	1.43561728063972	4.41953161055712	1.3329631992692	4.16826539398905	INS
1.17707956453316	0.945052777055804	1.33077865136136	1.188982113348	1.41760000285035	0.755585726631086	OUT
0.177392386813893	3.30359778724018	0.194779081469799	3.12168550870282	0.639965113174173	3.56604531949665	INS
0.204782016275109	4.70615468936743	0.545653844094214	4.74695001619937	-0.0120138530938979	4.62312623782059	INS
1.20880297092621	4.87853562835316	1.21352974199384	5.07648511767769	1.48170981778989	4.84849906719465	INS
0.374209305054215	0.539676265088718	0.432217868999927	0.614716180354114	0.390545349562452	0.599683812596192	OUT
0.598151261801621	0.894496140111314	0.314171420542838	0.770070898294976	0.504594816584908	1.12985977592921	INS
0.860144298273744	3.73275713566018	0.955199009662439	3.7568681344021	0.77486836305902	3.76323658711654	INS
1.41792627366853	0.24734261265975	1.12846246613524	0.18386340412877	1.59585120067715	0.195644775221139	OUT
0.547257256430118	0.356424409817669	0.349601257795756	0.236487639196647	0.677207261093124	0.185930192704043	OUT
0.736810804206628	2.44562759785664	0.926686708733022	2.71625838015258	0.375575084123595	2.56219060764838	INS
0.598874227385091	4.24946910619818	0.669119022294381	4.2099355752993	0.803813507131797	3.83180775691985	INS
1.34693550879931	4.98520721939	1.17247919425976	4.86960682726721	1.51198196153424	4.75021084683104	INS
